num_threads;num_process;time;
4;22;0.00
8;22;0.00
16;22;0.00
32;22;0.00
64;22;0.00
128;22;0.00
4;24;0.00
8;24;0.00
16;24;0.00
32;24;0.00
64;24;0.00
128;24;0.00
4;26;0.00
8;26;
16;26;0.00
32;26;0.00
64;26;0.00
128;26;0.00
4;28;0.00
8;28;
16;28;0.00
32;28;0.00
64;28;0.00
128;28;0.00
4;30;0.00
8;30;0.00
16;30;0.00
32;30;1.00
64;30;0.00
4;32;
8;32;
16;32;0.00
32;32;0.00
64;32;0.00
num_threads;num_process;time;
4;22;46.00
8;22;95.00
16;22;224.00
32;22;403.00
64;22;255.00
128;22;468.00
4;24;195.00
8;24;396.00
16;24;278.00
32;24;563.00
64;24;508.00
num_threads;num_process;time;
128;26;505.00
4;26;349.00
8;26;171.00
16;26;319.00
32;26;116.00
64;26;248.00
128;26;501.00
4;28;486.00
8;28;474.00
16;28;367.00
32;28;273.00
64;28;541.00
128;28;491.00
